learning_rate: 0.0015209165905619407
hidden_size: 384
num_layers: 1
dropout: 0.328693634445413
batch_size: 128
epochs: 200
patience: 10
delta: 0.0
gamma: 0.6603671689102271
clip_value: 0.5
threshold: 0.4
step_size: 20
